male_snout <- c(6.19,5.57,5.5,5.45,5.52,5.71,6.01,5.95,6.33,6.42,6.38)
female_snout <- c(9.13,10.42,9.89,10.31,10.05,10.66,9.12,9.21,9.61,13.63,10.06,12.98,11.68,11.48,14.54,
                  12.99,16.92,21.11,18.28,20.59)
female_snout_var <- c(0.72,0.61,1.02,0.83,0.87,1.17,0.74,0.69,0.59,0.91,0.66,0.94,0.70,1.87,1.14,
                      1.87,1.55,1.85,1.61,0.46)^2

# weevil heritability is unkown

camellia_coincidence <- c(3.88,6.07,6.30,6.13,6.66,7.73,6.76,6.42,7.52,11.65,7.77,12.80,11.89,11.13,12.49,
                          17.83,12.97,20.41,21.21,19.35)
camellia_coincidence_var <- c(0.59,0.87,1.65,1.20,1.38,2.47,1.14,1.08,1.47,2.82,1.69,2.45,2.61,2.68,3.39,
                              1.80,3.60,3.99,2.38,2.68)^2

camellia_presence <- c(5.42,4.32,3.88,5.12,6.07,4.90,6.30,6.13,6.66,8.03,7.95,7.73,6.76,6.42,7.52,11.65,7.77,12.8,11.89,11.13,8.55,
                       7.7,9.94,11.39,12.49,17.83,12.97,20.41,19.69,21.21,19.35,20.84)
camellia_presence_var <- c(0.85,1.19,0.59,1.23,0.87,0.71,1.65,1.20,1.38,1.81,2.09,2.47,1.14,1.08,1.47,2.82,1.69,2.45,2.61,2.68,2.26,
                           1.87,0.68,2.55,3.39,1.80,3.60,3.99,3.39,2.38,2.68,2.66)^2

camellia_h <- 0.74 # the mean heritability reported
camellia_absence <- c(5.22,5.27,5.48,7.54,4.68,5.19,4.91,4.99,5.55,7.65,6.82,6.42,7.63,7.69,7.28,7.56,6.61)